   5.5109106e-17   9.0000000e-01
  -5.6511468e-02   8.9822406e-01
  -1.1279991e-01   8.9290323e-01
  -1.6864318e-01   8.8405853e-01
  -2.2382090e-01   8.7172485e-01
  -2.7811529e-01   8.5595086e-01
  -3.3131210e-01   8.3679884e-01
  -3.8320136e-01   8.1434435e-01
  -4.3357831e-01   7.8867601e-01
  -4.8224412e-01   7.5989513e-01
  -5.2900673e-01   7.2811529e-01
  -5.7368159e-01   6.9346192e-01
  -6.1609240e-01   6.5607176e-01
  -6.5607176e-01   6.1609240e-01
  -6.9346192e-01   5.7368159e-01
  -7.2811529e-01   5.2900673e-01
  -7.5989513e-01   4.8224412e-01
  -7.8867601e-01   4.3357831e-01
  -8.1434435e-01   3.8320136e-01
  -8.3679884e-01   3.3131210e-01
  -8.5595086e-01   2.7811529e-01
  -8.7172485e-01   2.2382090e-01
  -8.8405853e-01   1.6864318e-01
  -8.9290323e-01   1.1279991e-01
  -8.9822406e-01   5.6511468e-02
  -9.0000000e-01   0.0000000e+00
  -8.9822406e-01  -5.6511468e-02
  -8.9290323e-01  -1.1279991e-01
  -8.8405853e-01  -1.6864318e-01
  -8.7172485e-01  -2.2382090e-01
  -8.5595086e-01  -2.7811529e-01
  -8.3679884e-01  -3.3131210e-01
  -8.1434435e-01  -3.8320136e-01
  -7.8867601e-01  -4.3357831e-01
  -7.5989513e-01  -4.8224412e-01
  -7.2811529e-01  -5.2900673e-01
  -6.9346192e-01  -5.7368159e-01
  -6.5607176e-01  -6.1609240e-01
  -6.1609240e-01  -6.5607176e-01
  -5.7368159e-01  -6.9346192e-01
  -5.2900673e-01  -7.2811529e-01
  -4.8224412e-01  -7.5989513e-01
  -4.3357831e-01  -7.8867601e-01
  -3.8320136e-01  -8.1434435e-01
  -3.3131210e-01  -8.3679884e-01
  -2.7811529e-01  -8.5595086e-01
  -2.2382090e-01  -8.7172485e-01
  -1.6864318e-01  -8.8405853e-01
  -1.1279991e-01  -8.9290323e-01
  -5.6511468e-02  -8.9822406e-01
  -1.6532732e-16  -9.0000000e-01
   5.6511468e-02  -8.9822406e-01
   1.1279991e-01  -8.9290323e-01
   1.6864318e-01  -8.8405853e-01
   2.2382090e-01  -8.7172485e-01
   2.7811529e-01  -8.5595086e-01
   3.3131210e-01  -8.3679884e-01
   3.8320136e-01  -8.1434435e-01
   4.3357831e-01  -7.8867601e-01
   4.8224412e-01  -7.5989513e-01
   5.2900673e-01  -7.2811529e-01
   5.7368159e-01  -6.9346192e-01
   6.1609240e-01  -6.5607176e-01
   6.5607176e-01  -6.1609240e-01
   6.9346192e-01  -5.7368159e-01
   7.2811529e-01  -5.2900673e-01
   7.5989513e-01  -4.8224412e-01
   7.8867601e-01  -4.3357831e-01
   8.1434435e-01  -3.8320136e-01
   8.3679884e-01  -3.3131210e-01
   8.5595086e-01  -2.7811529e-01
   8.7172485e-01  -2.2382090e-01
   8.8405853e-01  -1.6864318e-01
   8.9290323e-01  -1.1279991e-01
   8.9822406e-01  -5.6511468e-02
   9.0000000e-01   0.0000000e+00
   8.9822406e-01   5.6511468e-02
   8.9290323e-01   1.1279991e-01
   8.8405853e-01   1.6864318e-01
   8.7172485e-01   2.2382090e-01
   8.5595086e-01   2.7811529e-01
   8.3679884e-01   3.3131210e-01
   8.1434435e-01   3.8320136e-01
   7.8867601e-01   4.3357831e-01
   7.5989513e-01   4.8224412e-01
   7.2811529e-01   5.2900673e-01
   6.9346192e-01   5.7368159e-01
   6.5607176e-01   6.1609240e-01
   6.1609240e-01   6.5607176e-01
   5.7368159e-01   6.9346192e-01
   5.2900673e-01   7.2811529e-01
   4.8224412e-01   7.5989513e-01
   4.3357831e-01   7.8867601e-01
   3.8320136e-01   8.1434435e-01
   3.3131210e-01   8.3679884e-01
   2.7811529e-01   8.5595086e-01
   2.2382090e-01   8.7172485e-01
   1.6864318e-01   8.8405853e-01
   1.1279991e-01   8.9290323e-01
   5.6511468e-02   8.9822406e-01
   5.5109106e-17   9.0000000e-01
