   1.0866025e+00   1.6820508e+00
   6.3413966e-01   8.9836211e-01
   6.4656378e-01   8.8991869e-01
   7.0116639e-01   8.4756457e-01
   7.5300182e-01   8.0186549e-01
   8.0186549e-01   7.5300182e-01
   8.4756457e-01   7.0116639e-01
   8.8991869e-01   6.4656378e-01
   9.2876072e-01   5.8940947e-01
   9.6393735e-01   5.2992904e-01
   9.9530976e-01   4.6835722e-01
   1.0227541e+00   4.0493701e-01
   1.0461622e+00   3.3991869e-01
   1.0654415e+00   2.7355888e-01
   1.0805160e+00   2.0611945e-01
   1.0913262e+00   1.3786656e-01
   1.0949056e+00   1.0000000e-01
   2.0000000e+00   1.0000000e-01
   2.0000000e+00  -1.0000000e-01
   1.0949056e+00  -1.0000000e-01
   1.0913262e+00  -1.3786656e-01
   1.0805160e+00  -2.0611945e-01
   1.0654415e+00  -2.7355888e-01
   1.0461622e+00  -3.3991869e-01
   1.0227541e+00  -4.0493701e-01
   9.9530976e-01  -4.6835722e-01
   9.6393735e-01  -5.2992904e-01
   9.2876072e-01  -5.8940947e-01
   8.8991869e-01  -6.4656378e-01
   8.4756457e-01  -7.0116639e-01
   8.0186549e-01  -7.5300182e-01
   7.5300182e-01  -8.0186549e-01
   7.0116639e-01  -8.4756457e-01
   6.4656378e-01  -8.8991869e-01
   5.8940947e-01  -9.2876072e-01
   5.2992904e-01  -9.6393735e-01
   4.6835722e-01  -9.9530976e-01
   4.0493701e-01  -1.0227541e+00
   3.3991869e-01  -1.0461622e+00
   2.7355888e-01  -1.0654415e+00
   2.0611945e-01  -1.0805160e+00
   1.3786656e-01  -1.0913262e+00
   6.9069571e-02  -1.0978294e+00
  -2.0206672e-16  -1.1000000e+00
  -6.9069571e-02  -1.0978294e+00
  -1.3786656e-01  -1.0913262e+00
  -2.0611945e-01  -1.0805160e+00
  -2.7355888e-01  -1.0654415e+00
  -3.3991869e-01  -1.0461622e+00
  -4.0493701e-01  -1.0227541e+00
  -4.6835722e-01  -9.9530976e-01
  -5.2992904e-01  -9.6393735e-01
  -5.8940947e-01  -9.2876072e-01
  -6.4656378e-01  -8.8991869e-01
  -7.0116639e-01  -8.4756457e-01
  -7.5300182e-01  -8.0186549e-01
  -8.0186549e-01  -7.5300182e-01
  -8.4756457e-01  -7.0116639e-01
  -8.8991869e-01  -6.4656378e-01
  -9.2876072e-01  -5.8940947e-01
  -9.6393735e-01  -5.2992904e-01
  -9.9530976e-01  -4.6835722e-01
  -1.0227541e+00  -4.0493701e-01
  -1.0461622e+00  -3.3991869e-01
  -1.0654415e+00  -2.7355888e-01
  -1.0805160e+00  -2.0611945e-01
  -1.0913262e+00  -1.3786656e-01
  -1.0949056e+00  -1.0000000e-01
  -2.0000000e+00  -1.0000000e-01
  -2.0000000e+00   1.0000000e-01
  -1.0949056e+00   1.0000000e-01
  -1.0913262e+00   1.3786656e-01
  -1.0805160e+00   2.0611945e-01
  -1.0654415e+00   2.7355888e-01
  -1.0461622e+00   3.3991869e-01
  -1.0227541e+00   4.0493701e-01
  -9.9530976e-01   4.6835722e-01
  -9.6393735e-01   5.2992904e-01
  -9.2876072e-01   5.8940947e-01
  -8.8991869e-01   6.4656378e-01
  -8.4756457e-01   7.0116639e-01
  -8.0186549e-01   7.5300182e-01
  -7.5300182e-01   8.0186549e-01
  -7.0116639e-01   8.4756457e-01
  -6.4656378e-01   8.8991869e-01
  -6.3413966e-01   8.9836211e-01
  -1.0866025e+00   1.6820508e+00
  -9.1339746e-01   1.7820508e+00
  -4.6100836e-01   9.9848990e-01
  -4.0493701e-01   1.0227541e+00
  -3.3991869e-01   1.0461622e+00
  -2.7355888e-01   1.0654415e+00
  -2.0611945e-01   1.0805160e+00
  -1.3786656e-01   1.0913262e+00
  -6.9069571e-02   1.0978294e+00
   6.7355574e-17   1.1000000e+00
   6.9069571e-02   1.0978294e+00
   1.3786656e-01   1.0913262e+00
   2.0611945e-01   1.0805160e+00
   2.7355888e-01   1.0654415e+00
   3.3991869e-01   1.0461622e+00
   4.0493701e-01   1.0227541e+00
   4.6100836e-01   9.9848990e-01
   9.1339746e-01   1.7820508e+00
   1.0866025e+00   1.6820508e+00
